# Linear Jumping
Layer: 0
[[ 0.43530964 -1.93656949  0.58731538 -0.39877416  0.08457961]
 [-0.49142565 -0.50625702  0.00873522 -2.12375411  0.59143746]
 [ 1.29232873  0.30360374  1.39651057  1.22098548  1.3793935 ]
 [-1.84735912  1.31867203  1.18006791  1.35917852  1.13737072]]
[[0.15076961]]
Layer: 1
<function sigmoid at 0x000002CA737E4040>
Layer: 2
[[-1.30051678  0.66095333]
 [-0.34782811 -0.13905908]
 [ 0.84215657 -2.69703502]
 [-1.66634009  1.15241516]
 [-0.42563934  0.46594613]]
[[0.25692222]]
Layer: 3
<function tanh at 0x000002CA737E40D0> 